% GARDSim_FlightPlan


plan.SID = 'YBBN_SID_RNAV_RWY0119N.m';
plan.WPTTable = [
        -0.478038142298878,          2.67255196283763,                    5000/3.28;
        -0.474874942469149,          2.67151729675046,                    5000/3.28;
        -0.464296728765614,          2.67196186701753,                    5000/3.28;
        -0.472678812124657,           2.6700264539567,                   5000/3.28;
        -0.481255150629447,          2.67044091729417,                   5000/3.28;
        -0.478038142298878,          2.67255196283763,                    5000/3.28
        ];
    
plan.DecentWP = [-0.478038142298878,          2.67255196283763,                    5000/3.28];
plan.Approach = 'YBBN_RNAV_GNSS_RW14.m';

        
        