%$Id: NPA20DOFValuesForParityMethod.m 1884 2008-07-15 05:54:33Z n2523710 $
% For NPA requirements:
% Pfa = 2.22e-7
% Pmd = 0.001;
% DOF = 1 to 20.




a =   [26.8314064854955 30.6411769092542 33.765843570633 36.5592759318135 39.145454718404 41.5853884926119...
       43.914614280301 46.1560650680819 48.3255999880563 50.4347481724026 52.4922141673189 54.5047679033991...
       56.477802120058 58.4156979763889 60.3220740632205 62.199961403783 64.0519297610855 65.8801808930718...
       67.6866187849129 69.4729034699239]
 

          

lambda =   [68.394 73.158 76.76 79.801 82.486 84.919 87.164 89.261 91.231 93.099 94.879 96.579 98.215 99.788 101.31 102.779 104.206 105.594 106.944 108.258]
  

          



                    

 

         



                   



                  

         







         
